name: simp_llm
channels:
  - conda-forge
  - defaults
dependencies:
  - asttokens=2.2.1=pyhd8ed1ab_0
  - backcall=0.2.0=pyh9f0ad1d_0
  - backports=1.0=pyhd8ed1ab_3
  - backports.functools_lru_cache=1.6.4=pyhd8ed1ab_0
  - bzip2=1.0.8=h8ffe710_4
  - ca-certificates=2023.5.7=h56e8100_0
  - colorama=0.4.6=pyhd8ed1ab_0
  - comm=0.1.3=pyhd8ed1ab_0
  - debugpy=1.6.7=py311h12c1d0e_0
  - decorator=5.1.1=pyhd8ed1ab_0
  - executing=1.2.0=pyhd8ed1ab_0
  - importlib-metadata=6.6.0=pyha770c72_0
  - importlib_metadata=6.6.0=hd8ed1ab_0
  - ipykernel=6.23.0=pyh025b116_0
  - ipython=8.13.2=pyh08f2357_0
  - jedi=0.18.2=pyhd8ed1ab_0
  - jupyter_client=8.2.0=pyhd8ed1ab_0
  - jupyter_core=5.3.0=py311h1ea47a8_0
  - libexpat=2.5.0=h63175ca_1
  - libffi=3.4.2=h8ffe710_5
  - libsodium=1.0.18=h8d14728_1
  - libsqlite=3.41.2=hcfcfb64_1
  - libzlib=1.2.13=hcfcfb64_4
  - matplotlib-inline=0.1.6=pyhd8ed1ab_0
  - nest-asyncio=1.5.6=pyhd8ed1ab_0
  - openssl=3.1.0=hcfcfb64_3
  - packaging=23.1=pyhd8ed1ab_0
  - parso=0.8.3=pyhd8ed1ab_0
  - pickleshare=0.7.5=py_1003
  - pip=23.1.2=pyhd8ed1ab_0
  - platformdirs=3.5.1=pyhd8ed1ab_0
  - prompt-toolkit=3.0.38=pyha770c72_0
  - prompt_toolkit=3.0.38=hd8ed1ab_0
  - psutil=5.9.5=py311ha68e1ae_0
  - pure_eval=0.2.2=pyhd8ed1ab_0
  - pygments=2.15.1=pyhd8ed1ab_0
  - python=3.11.3=h2628c8c_0_cpython
  - python-dateutil=2.8.2=pyhd8ed1ab_0
  - python_abi=3.11=3_cp311
  - pywin32=304=py311h12c1d0e_2
  - pyzmq=25.0.2=py311h7b3f143_0
  - setuptools=67.7.2=pyhd8ed1ab_0
  - six=1.16.0=pyh6c4a22f_0
  - stack_data=0.6.2=pyhd8ed1ab_0
  - tk=8.6.12=h8ffe710_0
  - tornado=6.3=py311ha68e1ae_0
  - traitlets=5.9.0=pyhd8ed1ab_0
  - typing-extensions=4.5.0=hd8ed1ab_0
  - typing_extensions=4.5.0=pyha770c72_0
  - ucrt=10.0.22621.0=h57928b3_0
  - vc=14.3=hb25d44b_16
  - vc14_runtime=14.34.31931=h5081d32_16
  - vs2015_runtime=14.34.31931=hed1258a_16
  - wcwidth=0.2.6=pyhd8ed1ab_0
  - wheel=0.40.0=pyhd8ed1ab_0
  - xz=5.2.6=h8d14728_0
  - zeromq=4.3.4=h0e60522_1
  - zipp=3.15.0=pyhd8ed1ab_0
  - pip:
      - alabaster==0.7.13
      - autopep8==2.0.2
      - babel==2.12.1
      - certifi==2023.5.7
      - charset-normalizer==3.1.0
      - chembl-downloader==0.4.2
      - click==8.1.3
      - dgl==1.1.0
      - dglgo==0.0.2
      - dglke==0.1.2
      - docutils==0.19
      - filelock==3.12.0
      - fsspec==2023.5.0
      - huggingface-hub==0.14.1
      - idna==3.4
      - imagesize==1.4.1
      - isort==5.12.0
      - jinja2==3.1.2
      - joblib==1.2.0
      - littleutils==0.2.2
      - markupsafe==2.1.2
      - more-click==0.1.2
      - mpmath==1.3.0
      - networkx==3.1
      - numpy==1.24.3
      - numpydoc==1.5.0
      - ogb==1.3.6
      - outdated==0.2.2
      - pandas==2.0.1
      - pillow==9.5.0
      - pyarrow==12.0.0
      - pycodestyle==2.10.0
      - pydantic==1.10.7
      - pyparsing==3.0.9
      - pystow==0.5.0
      - pytz==2023.3
      - pyyaml==6.0
      - rdkit-pypi==2022.9.5
      - regex==2023.5.5
      - requests==2.30.0
      - ruamel-yaml==0.17.26
      - ruamel-yaml-clib==0.2.7
      - scikit-learn==1.2.2
      - scipy==1.10.1
      - snowballstemmer==2.2.0
      - sphinx==7.0.0
      - sphinxcontrib-applehelp==1.0.4
      - sphinxcontrib-devhelp==1.0.2
      - sphinxcontrib-htmlhelp==2.0.1
      - sphinxcontrib-jsmath==1.0.1
      - sphinxcontrib-qthelp==1.0.3
      - sphinxcontrib-serializinghtml==1.1.5
      - sympy==1.12
      - tabulate==0.9.0
      - threadpoolctl==3.1.0
      - tokenizers==0.13.3
      - torch==2.0.1
      - torch-geometric==2.3.1
      - tqdm==4.65.0
      - transformers==4.29.1
      - typer==0.9.0
      - tzdata==2023.3
      - urllib3==2.0.2

